window_size:1, contrastive_weight:0.05, learning_rate:0.001, pred_len:96  
mse:0.4142741858959198, mae:0.278495192527771

