window_size:7, contrastive_weight:0.1, learning_rate:0.001, pred_len:96  
mse:0.4796023666858673, mae:0.3466896116733551

