window_size:8, contrastive_weight:0.1, learning_rate:0.001, pred_len:96  
mse:0.504453182220459, mae:0.3689100444316864

