window_size:19, contrastive_weight:0.1, learning_rate:0.001, pred_len:96  
mse:0.5022268295288086, mae:0.36264610290527344

