window_size:10, contrastive_weight:0.05, learning_rate:0.001, pred_len:96  
mse:0.4030548334121704, mae:0.2731420397758484

