window_size:24, contrastive_weight:0.1, learning_rate:0.001, pred_len:96  
mse:0.41250914335250854, mae:0.2869190275669098

