window_size:17, contrastive_weight:0.1, learning_rate:0.001, pred_len:96  
mse:0.40447482466697693, mae:0.2763771414756775

