window_size:18, contrastive_weight:0.05, learning_rate:0.001, pred_len:96  
mse:0.4166202247142792, mae:0.29031428694725037

