window_size:7, contrastive_weight:0.05, learning_rate:0.001, pred_len:96  
mse:0.41343066096305847, mae:0.2902452051639557

