window_size:18, contrastive_weight:0.1, learning_rate:0.001, pred_len:96  
mse:0.4212985038757324, mae:0.2934987545013428

