window_size:20, contrastive_weight:0.1, learning_rate:0.001, pred_len:96  
mse:0.4022653102874756, mae:0.2794177234172821

