window_size:9, contrastive_weight:0.05, learning_rate:0.001, pred_len:96  
mse:0.4103621244430542, mae:0.28065481781959534

