window_size:1, contrastive_weight:0.1, learning_rate:0.001, pred_len:96  
mse:0.3966306447982788, mae:0.27320173382759094

