window_size:16, contrastive_weight:0.1, learning_rate:0.001, pred_len:96  
mse:0.4047454595565796, mae:0.27963224053382874

