window_size:15, contrastive_weight:0.05, learning_rate:0.001, pred_len:96  
mse:0.3990878164768219, mae:0.2750140130519867

