window_size:21, contrastive_weight:0.1, learning_rate:0.001, pred_len:96  
mse:0.4166315793991089, mae:0.28787222504615784

