window_size:14, contrastive_weight:0.05, learning_rate:0.001, pred_len:96  
mse:0.3949052095413208, mae:0.2745869755744934

