window_size:14, contrastive_weight:0.1, learning_rate:0.001, pred_len:96  
mse:0.4107967019081116, mae:0.2855342626571655

