window_size:9, contrastive_weight:0.1, learning_rate:0.001, pred_len:96  
mse:0.4035907983779907, mae:0.27930575609207153

