window_size:4, contrastive_weight:0.05, learning_rate:0.001, pred_len:96  
mse:0.4078017473220825, mae:0.2753002345561981

