window_size:15, contrastive_weight:0.1, learning_rate:0.001, pred_len:96  
mse:0.40492820739746094, mae:0.2803483009338379

