window_size:22, contrastive_weight:0.1, learning_rate:0.001, pred_len:96  
mse:0.40499186515808105, mae:0.275028795003891

