window_size:10, contrastive_weight:0.1, learning_rate:0.001, pred_len:96  
mse:0.40203943848609924, mae:0.2771540880203247

