window_size:17, contrastive_weight:0.05, learning_rate:0.001, pred_len:96  
mse:0.4187026023864746, mae:0.29034486413002014

