window_size:19, contrastive_weight:0.05, learning_rate:0.001, pred_len:96  
mse:0.41766634583473206, mae:0.29148414731025696

