window_size:6, contrastive_weight:0.1, learning_rate:0.001, pred_len:96  
mse:0.40632936358451843, mae:0.281573623418808

