window_size:13, contrastive_weight:0.05, learning_rate:0.001, pred_len:96  
mse:0.3931780159473419, mae:0.27368029952049255

