window_size:12, contrastive_weight:0.1, learning_rate:0.001, pred_len:96  
mse:0.49846407771110535, mae:0.3662075400352478

