window_size:11, contrastive_weight:0.1, learning_rate:0.001, pred_len:96  
mse:0.4082377851009369, mae:0.28330183029174805

