window_size:4, contrastive_weight:0.1, learning_rate:0.001, pred_len:96  
mse:0.3973126709461212, mae:0.27851402759552

