window_size:6, contrastive_weight:0.05, learning_rate:0.001, pred_len:96  
mse:0.3956679403781891, mae:0.2724752128124237

