window_size:23, contrastive_weight:0.05, learning_rate:0.001, pred_len:96  
mse:0.39899736642837524, mae:0.27784571051597595

