window_size:23, contrastive_weight:0.1, learning_rate:0.001, pred_len:96  
mse:0.406253457069397, mae:0.28047460317611694

