window_size:24, contrastive_weight:0.05, learning_rate:0.001, pred_len:96  
mse:0.40198972821235657, mae:0.2791423201560974

