window_size:2, contrastive_weight:0.05, learning_rate:0.001, pred_len:96  
mse:0.4864877462387085, mae:0.35379356145858765

